40 61 2.059095e+00
2 62 1.744867e+00
6 63 1.738979e+00
39 64 1.254074e+00
44 60 1.079069e+00
15 50 1.056606e+00
44 56 1.055364e+00
14 50 1.030962e+00
11 50 1.021986e+00
37 61 9.795234e-01
3 66 9.155494e-01
2 59 8.995425e-01
54 60 7.603843e-01
3 11 7.331499e-01
3 14 7.237145e-01
3 15 7.189595e-01
41 61 6.961095e-01
42 47 6.665645e-01
3 63 6.649405e-01
56 61 6.599998e-01
44 61 6.345046e-01
6 59 5.754961e-01
54 59 5.666293e-01
21 51 5.483198e-01
43 64 5.482519e-01
40 60 5.382210e-01
7 16 5.109003e-01
40 64 5.091490e-01
26 31 5.017550e-01
7 12 4.834036e-01
43 67 4.779928e-01
54 63 4.702751e-01
10 53 4.508398e-01
4 66 4.497224e-01
32 51 4.470620e-01
46 60 4.077210e-01
7 19 3.946479e-01
3 50 3.796134e-01
26 32 3.749114e-01
3 62 3.539853e-01
16 46 3.393011e-01
6 54 3.363180e-01
43 60 3.335719e-01
38 47 3.247233e-01
41 47 3.227337e-01
14 66 3.216132e-01
11 66 3.204876e-01
10 54 3.180537e-01
15 66 3.177322e-01
43 51 3.168540e-01
25 31 3.141431e-01
43 63 3.140449e-01
26 64 3.113661e-01
16 21 3.015005e-01
7 67 2.958643e-01
24 61 2.950573e-01
36 64 2.936937e-01
26 39 2.904547e-01
51 64 2.892125e-01
7 14 2.877348e-01
7 15 2.843708e-01
52 60 2.810106e-01
15 21 2.762573e-01
11 21 2.756552e-01
14 21 2.753792e-01
16 22 2.741463e-01
46 52 2.710926e-01
19 67 2.700974e-01
16 65 2.603369e-01
3 65 2.585926e-01
28 64 2.561272e-01
16 61 2.554114e-01
14 51 2.546241e-01
34 42 2.525268e-01
15 51 2.492737e-01
39 67 2.442060e-01
37 60 2.434736e-01
15 25 2.414517e-01
11 51 2.388305e-01
14 25 2.360783e-01
7 27 2.347046e-01
32 38 2.343617e-01
18 27 2.342092e-01
11 63 2.331651e-01
14 63 2.317187e-01
42 67 2.313659e-01
15 63 2.308067e-01
38 45 2.306019e-01
42 49 2.274033e-01
33 38 2.222295e-01
11 25 2.206628e-01
4 12 2.202210e-01
25 50 2.175465e-01
36 65 2.171580e-01
11 16 2.141923e-01
37 65 2.137684e-01
38 44 2.129812e-01
11 46 2.126582e-01
14 46 2.102788e-01
27 67 2.098999e-01
7 43 2.084437e-01
32 65 2.049903e-01
20 25 2.039937e-01
34 47 2.027652e-01
15 46 2.027339e-01
11 59 2.006881e-01
6 62 2.001399e-01
44 65 1.982618e-01
46 51 1.948137e-01
28 34 1.945955e-01
15 27 1.940963e-01
20 28 1.937915e-01
30 67 1.917010e-01
6 55 1.910910e-01
22 27 1.900304e-01
34 67 1.884844e-01
20 26 1.878801e-01
14 27 1.873459e-01
11 27 1.854679e-01
13 49 1.853107e-01
27 32 1.852439e-01
14 59 1.833603e-01
30 66 1.823566e-01
50 66 1.819632e-01
53 60 1.805744e-01
15 59 1.788971e-01
10 49 1.778344e-01
19 33 1.776558e-01
7 51 1.758195e-01
8 17 1.733572e-01
16 24 1.725522e-01
28 39 1.704336e-01
9 53 1.681398e-01
12 17 1.678896e-01
23 31 1.673766e-01
36 61 1.661522e-01
23 33 1.656064e-01
9 52 1.656026e-01
23 49 1.655955e-01
5 17 1.643362e-01
19 28 1.632682e-01
43 49 1.606865e-01
18 24 1.606448e-01
2 65 1.592219e-01
7 63 1.589130e-01
42 52 1.587249e-01
21 49 1.581458e-01
7 21 1.533292e-01
27 42 1.518192e-01
31 36 1.489955e-01
26 36 1.470713e-01
23 28 1.463312e-01
36 47 1.457290e-01
37 42 1.440097e-01
40 46 1.435323e-01
27 50 1.432689e-01
21 28 1.432437e-01
32 44 1.427977e-01
31 67 1.427727e-01
38 49 1.425069e-01
5 13 1.423696e-01
39 48 1.413886e-01
1 58 1.409751e-01
5 58 1.408039e-01
9 17 1.396904e-01
44 52 1.388537e-01
28 36 1.383380e-01
17 25 1.375873e-01
9 60 1.360867e-01
40 56 1.351789e-01
43 48 1.351071e-01
8 66 1.334575e-01
9 41 1.319175e-01
8 53 1.315459e-01
22 32 1.304835e-01
21 50 1.301515e-01
1 8 1.293347e-01
13 23 1.292850e-01
5 16 1.277633e-01
54 67 1.265839e-01
20 49 1.243421e-01
2 58 1.233623e-01
36 43 1.221114e-01
24 65 1.220010e-01
16 44 1.217339e-01
7 42 1.207034e-01
9 59 1.204535e-01
18 49 1.186667e-01
53 68 1.178858e-01
23 47 1.169657e-01
41 46 1.157694e-01
7 46 1.155589e-01
1 9 1.136605e-01
23 35 1.134692e-01
4 58 1.124115e-01
21 48 1.123282e-01
32 64 1.117312e-01
6 13 1.115308e-01
28 49 1.113226e-01
21 68 1.100207e-01
50 63 1.097368e-01
13 53 1.093004e-01
38 46 1.092765e-01
48 66 1.090809e-01
54 66 1.084458e-01
48 53 1.076538e-01
7 13 1.074793e-01
10 38 1.072183e-01
10 24 1.069318e-01
53 63 1.062919e-01
35 67 1.060947e-01
37 45 1.043984e-01
24 49 1.030300e-01
9 38 1.023290e-01
26 34 1.013723e-01
25 36 1.006258e-01
22 41 1.001279e-01
17 22 9.965432e-02
8 16 9.925053e-02
5 62 9.902072e-02
10 52 9.878459e-02
41 49 9.800665e-02
5 10 9.777824e-02
45 52 9.756710e-02
24 34 9.755915e-02
34 39 9.544675e-02
5 12 9.517620e-02
22 49 9.514813e-02
1 62 9.423849e-02
5 52 9.388366e-02
53 58 9.385363e-02
9 56 9.365609e-02
2 9 9.301704e-02
24 31 9.290722e-02
25 38 9.152137e-02
8 45 9.035550e-02
13 64 9.022509e-02
8 13 8.960060e-02
41 62 8.723436e-02
4 20 8.708293e-02
28 33 8.595839e-02
54 68 8.501434e-02
44 64 8.487435e-02
38 48 8.461272e-02
41 48 8.459617e-02
14 67 8.451141e-02
7 26 8.419664e-02
35 42 8.419531e-02
37 48 8.413695e-02
12 20 8.409042e-02
23 53 8.374346e-02
23 61 8.340313e-02
12 19 8.319850e-02
23 36 8.319511e-02
34 64 8.292402e-02
28 43 8.266020e-02
40 65 8.235537e-02
11 67 8.217629e-02
18 29 8.071236e-02
15 67 7.997208e-02
8 68 7.967214e-02
55 60 7.878570e-02
24 32 7.875702e-02
29 70 7.875515e-02
3 64 7.843903e-02
5 30 7.715784e-02
4 9 7.674800e-02
55 62 7.452621e-02
3 27 7.441150e-02
23 32 7.421174e-02
1 23 7.415600e-02
17 23 7.301212e-02
9 37 7.252906e-02
47 52 7.232115e-02
21 43 7.191624e-02
7 32 7.150219e-02
39 63 7.002308e-02
22 44 6.974511e-02
25 34 6.957193e-02
14 55 6.920290e-02
44 53 6.904632e-02
2 8 6.904465e-02
6 11 6.899860e-02
25 54 6.874745e-02
6 15 6.717659e-02
43 52 6.699829e-02
37 58 6.668225e-02
10 63 6.661072e-02
6 14 6.650072e-02
38 52 6.557660e-02
44 55 6.552675e-02
46 64 6.535050e-02
13 56 6.529722e-02
26 51 6.522738e-02
11 55 6.522632e-02
1 70 6.493031e-02
12 66 6.454034e-02
43 53 6.439974e-02
38 67 6.375760e-02
3 25 6.369872e-02
15 55 6.363340e-02
50 55 6.315089e-02
22 35 6.262667e-02
1 53 6.258205e-02
25 46 6.229520e-02
51 68 6.214982e-02
50 59 6.204414e-02
30 37 6.160998e-02
7 66 6.138507e-02
1 40 6.113842e-02
22 61 6.049840e-02
5 55 6.042089e-02
19 63 5.997014e-02
53 67 5.993350e-02
2 66 5.982369e-02
19 66 5.971967e-02
10 48 5.945913e-02
29 69 5.866486e-02
29 71 5.846444e-02
12 30 5.820137e-02
16 35 5.758837e-02
23 48 5.752431e-02
39 47 5.719448e-02
26 35 5.685819e-02
22 71 5.624088e-02
4 17 5.599205e-02
52 58 5.566082e-02
8 48 5.546397e-02
30 35 5.538090e-02
30 71 5.524393e-02
21 53 5.508934e-02
4 70 5.504027e-02
22 53 5.495938e-02
1 71 5.491196e-02
13 58 5.455507e-02
12 29 5.441869e-02
2 13 5.424881e-02
18 34 5.415904e-02
44 67 5.403770e-02
18 41 5.388516e-02
41 58 5.388256e-02
32 39 5.373747e-02
17 30 5.359401e-02
22 65 5.343379e-02
17 53 5.342946e-02
1 20 5.341014e-02
33 42 5.296404e-02
13 25 5.278913e-02
7 68 5.266080e-02
25 32 5.167184e-02
43 68 5.165043e-02
4 11 5.163075e-02
13 39 5.152012e-02
29 35 5.114601e-02
32 37 5.074959e-02
10 16 5.028195e-02
29 34 5.007541e-02
52 68 4.997743e-02
35 65 4.976218e-02
8 37 4.971872e-02
5 38 4.936532e-02
33 53 4.922233e-02
10 58 4.921249e-02
30 70 4.910435e-02
17 68 4.903505e-02
25 71 4.901495e-02
10 64 4.889023e-02
13 55 4.852141e-02
5 71 4.840365e-02
5 70 4.823163e-02
41 56 4.821131e-02
21 31 4.806374e-02
4 14 4.773772e-02
9 23 4.773211e-02
6 51 4.769840e-02
1 65 4.765157e-02
34 52 4.698774e-02
8 30 4.681599e-02
9 55 4.667889e-02
1 59 4.663248e-02
1 13 4.648157e-02
1 69 4.625817e-02
28 68 4.618426e-02
26 67 4.590761e-02
22 48 4.579796e-02
21 26 4.561120e-02
16 67 4.534664e-02
17 70 4.460806e-02
13 65 4.432536e-02
4 63 4.399905e-02
4 55 4.366399e-02
4 15 4.359498e-02
13 22 4.358773e-02
18 47 4.341941e-02
8 20 4.288803e-02
1 10 4.288231e-02
13 51 4.200042e-02
48 68 4.163961e-02
23 58 4.158556e-02
35 47 4.132378e-02
8 65 4.130685e-02
14 19 4.111704e-02
23 71 4.088151e-02
6 69 4.086108e-02
1 22 4.063724e-02
2 45 4.034085e-02
45 51 3.996660e-02
1 29 3.990176e-02
8 70 3.977764e-02
5 22 3.961063e-02
37 69 3.959467e-02
10 21 3.948979e-02
27 34 3.915886e-02
23 68 3.908955e-02
47 70 3.906200e-02
52 59 3.862355e-02
31 47 3.858469e-02
33 67 3.842854e-02
31 39 3.822763e-02
9 61 3.815785e-02
47 53 3.786654e-02
30 69 3.753652e-02
38 69 3.687392e-02
30 36 3.670715e-02
3 67 3.670576e-02
19 27 3.655449e-02
6 65 3.636537e-02
26 47 3.601845e-02
11 19 3.583037e-02
8 71 3.511070e-02
19 49 3.503822e-02
24 33 3.493173e-02
41 70 3.493080e-02
39 44 3.483468e-02
16 56 3.480222e-02
5 18 3.469204e-02
16 40 3.466935e-02
3 51 3.437721e-02
4 56 3.436844e-02
45 58 3.426574e-02
9 47 3.405767e-02
22 70 3.392372e-02
5 23 3.355156e-02
2 70 3.354033e-02
13 31 3.349703e-02
18 50 3.342588e-02
4 71 3.338556e-02
11 18 3.337893e-02
48 54 3.334417e-02
45 69 3.322013e-02
1 12 3.292536e-02
30 38 3.284685e-02
11 54 3.282177e-02
33 71 3.262384e-02
29 66 3.242585e-02
32 61 3.238377e-02
22 47 3.232094e-02
12 18 3.223847e-02
10 20 3.219265e-02
9 49 3.155285e-02
4 37 3.140817e-02
2 71 3.122346e-02
33 68 3.113346e-02
47 69 3.111844e-02
21 46 3.106577e-02
45 55 3.104982e-02
36 42 3.068460e-02
40 45 3.059530e-02
39 50 3.027912e-02
12 23 3.017201e-02
51 67 3.010250e-02
29 36 3.006082e-02
25 51 2.982000e-02
29 38 2.919549e-02
52 71 2.904665e-02
6 71 2.828063e-02
1 55 2.796156e-02
26 33 2.770255e-02
50 67 2.751272e-02
10 47 2.745852e-02
2 69 2.740125e-02
15 54 2.728417e-02
43 54 2.722819e-02
16 23 2.695611e-02
41 65 2.685615e-02
18 66 2.649650e-02
18 23 2.646792e-02
13 71 2.625822e-02
37 44 2.625379e-02
45 70 2.607457e-02
14 39 2.605567e-02
1 37 2.592194e-02
14 54 2.570796e-02
13 26 2.545237e-02
2 40 2.533984e-02
27 33 2.486106e-02
40 71 2.485037e-02
15 39 2.465360e-02
48 65 2.439906e-02
17 29 2.438290e-02
16 50 2.436149e-02
23 30 2.417125e-02
38 65 2.407358e-02
30 53 2.396077e-02
9 71 2.392407e-02
29 68 2.364975e-02
26 42 2.287543e-02
41 53 2.284942e-02
4 29 2.283161e-02
16 26 2.260740e-02
11 39 2.252193e-02
13 52 2.249946e-02
13 35 2.242275e-02
58 65 2.235763e-02
9 70 2.228116e-02
51 66 2.198006e-02
53 62 2.185006e-02
42 48 2.182689e-02
5 69 2.146355e-02
9 54 2.105657e-02
31 41 2.066997e-02
47 71 2.065931e-02
4 62 2.063533e-02
4 69 2.043332e-02
52 65 2.038175e-02
3 30 2.014397e-02
49 60 2.010820e-02
22 33 2.010279e-02
31 50 1.996219e-02
30 57 1.940526e-02
36 71 1.940502e-02
24 47 1.932978e-02
25 68 1.928284e-02
17 33 1.912718e-02
29 57 1.906874e-02
5 34 1.886947e-02
46 53 1.843002e-02
45 68 1.830963e-02
22 69 1.827550e-02
38 56 1.813412e-02
50 69 1.805201e-02
30 39 1.797441e-02
44 71 1.786056e-02
19 29 1.783299e-02
40 70 1.724097e-02
24 40 1.722263e-02
19 64 1.695076e-02
47 61 1.694051e-02
12 52 1.675529e-02
37 70 1.630105e-02
5 29 1.625240e-02
42 70 1.602748e-02
27 35 1.601007e-02
41 69 1.581537e-02
47 66 1.581173e-02
23 70 1.576084e-02
8 69 1.561857e-02
13 68 1.499265e-02
57 71 1.495131e-02
37 71 1.493897e-02
33 45 1.486841e-02
32 42 1.469899e-02
1 67 1.440856e-02
22 52 1.440059e-02
33 70 1.417518e-02
16 38 1.393789e-02
57 70 1.393762e-02
17 35 1.382889e-02
34 51 1.374826e-02
2 55 1.374722e-02
13 29 1.374524e-02
39 70 1.370914e-02
16 29 1.365705e-02
2 53 1.362009e-02
1 57 1.345477e-02
13 18 1.335090e-02
55 71 1.332791e-02
3 54 1.318200e-02
17 49 1.292867e-02
22 38 1.255211e-02
37 56 1.252545e-02
5 47 1.238242e-02
57 69 1.236350e-02
13 30 1.236187e-02
22 57 1.225572e-02
7 39 1.224393e-02
23 62 1.203517e-02
16 47 1.201821e-02
24 30 1.196635e-02
13 20 1.186403e-02
20 27 1.146714e-02
9 69 1.143347e-02
18 69 1.098295e-02
1 49 1.095765e-02
20 70 1.085560e-02
22 28 1.054215e-02
6 70 1.053546e-02
30 47 1.029581e-02
23 57 1.025863e-02
45 71 1.019744e-02
31 68 1.018969e-02
12 57 1.012402e-02
25 67 9.860340e-03
10 60 9.841441e-03
1 33 9.810848e-03
2 37 9.486206e-03
41 71 9.084075e-03
39 51 9.075392e-03
54 71 8.938784e-03
45 60 8.748750e-03
17 71 8.679166e-03
29 47 8.527699e-03
45 65 8.466150e-03
3 69 8.280226e-03
52 57 7.983369e-03
26 43 7.704960e-03
52 70 7.530173e-03
57 68 7.438157e-03
8 49 7.425752e-03
38 70 7.336695e-03
23 55 7.173940e-03
48 71 7.168477e-03
17 57 7.074938e-03
1 45 7.021604e-03
6 60 6.992288e-03
25 57 6.851856e-03
5 57 6.330449e-03
17 69 6.108526e-03
13 40 5.942326e-03
55 69 5.837339e-03
17 52 5.800727e-03
55 70 5.707533e-03
13 60 5.643955e-03
32 48 5.577954e-03
50 71 5.553632e-03
20 57 5.456007e-03
1 6 5.365140e-03
10 65 5.330118e-03
50 56 5.316786e-03
36 45 5.155007e-03
18 30 4.943188e-03
23 65 4.931183e-03
27 54 4.828594e-03
4 41 4.722404e-03
10 71 4.717287e-03
6 57 4.705621e-03
33 57 4.682927e-03
6 56 4.654298e-03
20 71 4.582147e-03
35 71 4.546832e-03
31 71 4.502219e-03
48 69 4.482418e-03
27 47 4.461655e-03
17 47 4.426671e-03
8 33 4.424942e-03
41 57 4.412574e-03
42 65 4.375411e-03
4 33 4.367268e-03
26 49 4.278530e-03
29 37 4.130314e-03
7 50 4.122708e-03
58 70 4.113554e-03
9 66 3.991477e-03
24 53 3.953603e-03
32 57 3.913479e-03
33 69 3.905878e-03
29 49 3.545057e-03
7 54 3.531987e-03
20 29 3.354792e-03
34 57 3.277337e-03
12 33 3.160166e-03
21 32 2.961004e-03
18 70 2.913994e-03
24 41 2.764374e-03
51 60 2.731424e-03
9 45 2.678223e-03
49 68 2.607302e-03
50 58 2.341138e-03
35 57 2.282896e-03
6 22 2.256516e-03
12 51 2.067156e-03
30 45 2.040167e-03
57 65 1.993502e-03
8 29 1.990472e-03
7 28 1.679115e-03
31 42 1.677856e-03
2 56 1.424119e-03
13 57 1.387674e-03
49 57 1.386144e-03
43 71 1.382791e-03
63 68 1.338202e-03
35 52 1.308046e-03
40 69 1.249517e-03
38 57 1.097951e-03
10 37 1.096693e-03
9 57 1.073962e-03
23 69 1.024939e-03
28 57 7.905114e-04
2 57 7.144104e-04
49 71 6.851061e-04
8 57 6.821384e-04
33 41 5.811775e-04
17 58 3.423919e-04
48 57 8.348929e-05
31 48 -5.108299e-05
32 49 -1.310302e-04
47 57 -1.407165e-04
14 58 -1.722062e-04
6 43 -2.833440e-04
1 17 -3.822139e-04
49 70 -7.471418e-04
25 70 -9.338518e-04
15 58 -9.458848e-04
38 61 -1.386516e-03
24 36 -1.413570e-03
53 70 -1.419411e-03
2 23 -1.472231e-03
36 41 -1.480833e-03
33 66 -1.501249e-03
13 70 -1.774034e-03
21 63 -1.777596e-03
44 57 -1.969184e-03
53 71 -1.979438e-03
19 52 -2.017005e-03
18 57 -2.024463e-03
27 66 -2.256375e-03
40 57 -2.283812e-03
31 57 -2.412435e-03
51 57 -2.414653e-03
29 41 -2.686888e-03
36 57 -2.717852e-03
5 45 -2.761198e-03
8 41 -2.784414e-03
35 70 -2.784662e-03
29 58 -2.846476e-03
19 30 -2.846658e-03
18 71 -2.910975e-03
27 57 -3.250487e-03
35 48 -3.271957e-03
8 52 -3.330971e-03
52 69 -3.350371e-03
23 29 -3.387054e-03
57 67 -3.563549e-03
28 47 -3.672867e-03
10 51 -3.674092e-03
59 66 -3.789981e-03
24 57 -3.801662e-03
11 58 -3.967541e-03
4 57 -4.038142e-03
16 49 -4.147853e-03
19 34 -4.159595e-03
12 41 -4.319902e-03
10 57 -4.363867e-03
20 45 -4.440613e-03
10 59 -4.545705e-03
19 57 -4.688906e-03
39 71 -4.763708e-03
7 57 -4.855099e-03
16 32 -4.916776e-03
30 68 -4.941774e-03
13 24 -5.052838e-03
5 59 -5.057666e-03
18 26 -5.126747e-03
1 30 -5.413197e-03
42 57 -5.417577e-03
29 40 -5.420847e-03
45 53 -5.572213e-03
24 70 -5.644590e-03
3 57 -5.711342e-03
49 69 -6.168151e-03
4 47 -6.176717e-03
8 54 -6.527174e-03
37 57 -6.597676e-03
39 57 -6.624014e-03
34 69 -6.661384e-03
10 19 -6.663750e-03
31 70 -6.784201e-03
57 66 -6.788972e-03
22 29 -6.961267e-03
29 62 -6.972508e-03
28 71 -7.137527e-03
38 71 -7.170155e-03
16 27 -7.209976e-03
23 34 -7.257673e-03
44 69 -7.282806e-03
39 68 -7.308337e-03
19 70 -7.350768e-03
23 52 -7.393485e-03
20 69 -7.534099e-03
32 71 -7.538579e-03
30 55 -7.672153e-03
13 41 -7.913200e-03
20 30 -8.159270e-03
8 22 -8.268508e-03
24 29 -8.303001e-03
57 63 -8.320034e-03
24 69 -8.419353e-03
29 48 -8.454777e-03
2 17 -8.562048e-03
8 62 -8.660995e-03
36 70 -8.711558e-03
42 53 -8.711688e-03
30 58 -8.852831e-03
26 57 -8.889055e-03
11 57 -8.900962e-03
14 57 -8.952718e-03
15 57 -8.955971e-03
17 54 -8.956445e-03
29 52 -8.959164e-03
13 48 -9.059523e-03
9 18 -9.094987e-03
13 59 -9.547265e-03
34 63 -9.717441e-03
24 35 -9.832612e-03
5 20 -9.882229e-03
36 69 -1.019293e-02
36 58 -1.027638e-02
25 47 -1.031959e-02
57 62 -1.035537e-02
12 65 -1.062965e-02
10 33 -1.082714e-02
1 36 -1.102891e-02
13 69 -1.104025e-02
50 57 -1.127467e-02
45 57 -1.137990e-02
19 39 -1.139710e-02
49 54 -1.161815e-02
9 30 -1.185656e-02
1 16 -1.192978e-02
5 33 -1.206578e-02
28 70 -1.245165e-02
39 52 -1.247546e-02
60 65 -1.283669e-02
21 57 -1.288016e-02
12 55 -1.296331e-02
22 68 -1.316069e-02
12 59 -1.340205e-02
29 55 -1.343456e-02
16 42 -1.348592e-02
40 58 -1.407163e-02
7 29 -1.408369e-02
56 69 -1.411658e-02
10 70 -1.414135e-02
34 70 -1.433612e-02
32 69 -1.439954e-02
20 47 -1.443180e-02
57 64 -1.458252e-02
24 68 -1.468616e-02
48 70 -1.475796e-02
2 41 -1.482288e-02
44 70 -1.483173e-02
29 56 -1.488539e-02
43 57 -1.509478e-02
58 69 -1.518008e-02
8 35 -1.570891e-02
5 68 -1.597231e-02
28 48 -1.604243e-02
29 53 -1.671560e-02
19 71 -1.688628e-02
3 12 -1.695814e-02
5 36 -1.731859e-02
19 48 -1.744953e-02
46 57 -1.748493e-02
5 41 -1.775173e-02
28 69 -1.775877e-02
9 20 -1.804412e-02
6 17 -1.806975e-02
56 68 -1.823755e-02
13 44 -1.843748e-02
6 41 -1.844642e-02
50 62 -1.860978e-02
26 70 -1.868235e-02
9 25 -1.880526e-02
28 66 -1.896341e-02
9 36 -1.904375e-02
19 60 -1.913584e-02
20 35 -1.932493e-02
10 46 -1.938948e-02
55 63 -1.953774e-02
24 71 -1.962834e-02
43 70 -1.974428e-02
32 70 -1.977855e-02
6 21 -1.986214e-02
16 57 -1.986659e-02
12 58 -2.019308e-02
17 31 -2.026254e-02
56 65 -2.029879e-02
54 62 -2.030056e-02
29 45 -2.052872e-02
59 68 -2.059884e-02
12 49 -2.060986e-02
4 30 -2.071484e-02
33 39 -2.084903e-02
21 37 -2.088331e-02
12 56 -2.094171e-02
13 54 -2.107605e-02
8 31 -2.121049e-02
53 64 -2.121806e-02
24 37 -2.122756e-02
2 10 -2.143507e-02
56 71 -2.164514e-02
50 70 -2.178270e-02
30 56 -2.183220e-02
9 33 -2.189312e-02
22 59 -2.210734e-02
19 26 -2.211140e-02
33 46 -2.222392e-02
47 67 -2.230961e-02
18 65 -2.243311e-02
33 55 -2.245823e-02
43 69 -2.259182e-02
13 27 -2.261824e-02
6 68 -2.281328e-02
17 24 -2.298225e-02
32 47 -2.300598e-02
12 45 -2.308011e-02
54 69 -2.344970e-02
52 67 -2.352018e-02
5 53 -2.362914e-02
59 69 -2.376800e-02
29 65 -2.454079e-02
8 58 -2.455609e-02
17 48 -2.465407e-02
7 24 -2.465666e-02
15 56 -2.466077e-02
34 71 -2.475193e-02
21 39 -2.479890e-02
59 67 -2.481717e-02
31 53 -2.482634e-02
35 56 -2.504277e-02
29 42 -2.512294e-02
39 45 -2.513768e-02
11 56 -2.518919e-02
12 71 -2.525448e-02
10 29 -2.529632e-02
25 69 -2.535362e-02
54 70 -2.585516e-02
14 56 -2.590893e-02
12 25 -2.594265e-02
1 34 -2.598636e-02
35 58 -2.598961e-02
23 42 -2.601411e-02
33 47 -2.631829e-02
2 33 -2.638408e-02
12 48 -2.679658e-02
12 69 -2.681413e-02
29 46 -2.681805e-02
26 48 -2.719022e-02
33 62 -2.740022e-02
49 64 -2.740306e-02
2 24 -2.794574e-02
13 37 -2.812224e-02
28 38 -2.816477e-02
17 28 -2.833728e-02
22 40 -2.834734e-02
5 39 -2.839935e-02
32 68 -2.843293e-02
33 52 -2.858410e-02
39 54 -2.860676e-02
10 23 -2.870646e-02
31 49 -2.871938e-02
40 53 -2.875002e-02
16 30 -2.880638e-02
42 71 -2.898549e-02
12 68 -2.899283e-02
20 62 -2.900771e-02
37 43 -2.922853e-02
10 55 -2.926876e-02
19 69 -2.951206e-02
4 54 -2.960886e-02
9 31 -2.961704e-02
2 29 -2.963669e-02
1 52 -2.970972e-02
45 54 -2.989837e-02
8 36 -2.995872e-02
5 49 -2.998174e-02
2 12 -3.008033e-02
16 28 -3.015449e-02
27 39 -3.019346e-02
17 32 -3.032225e-02
41 52 -3.037365e-02
4 28 -3.045658e-02
45 61 -3.046316e-02
10 41 -3.051708e-02
53 69 -3.053580e-02
30 49 -3.056493e-02
32 59 -3.059233e-02
33 58 -3.112971e-02
11 68 -3.121468e-02
41 51 -3.129691e-02
36 49 -3.130900e-02
2 52 -3.137118e-02
1 41 -3.138240e-02
41 68 -3.147656e-02
1 35 -3.182633e-02
28 35 -3.193601e-02
23 37 -3.232463e-02
9 58 -3.233877e-02
16 34 -3.238205e-02
37 47 -3.244669e-02
26 71 -3.265312e-02
22 58 -3.296267e-02
31 55 -3.308668e-02
36 46 -3.309035e-02
10 17 -3.311827e-02
12 70 -3.315035e-02
3 71 -3.317244e-02
19 50 -3.362818e-02
63 69 -3.393750e-02
37 54 -3.407544e-02
30 52 -3.409119e-02
56 64 -3.446950e-02
20 68 -3.459534e-02
36 44 -3.467802e-02
20 33 -3.486448e-02
58 66 -3.489661e-02
7 49 -3.494327e-02
7 20 -3.511172e-02
33 51 -3.515215e-02
19 42 -3.516578e-02
29 39 -3.519219e-02
12 37 -3.525890e-02
14 68 -3.539478e-02
1 18 -3.542748e-02
25 30 -3.560870e-02
15 68 -3.569873e-02
38 68 -3.596248e-02
17 51 -3.619231e-02
58 71 -3.648165e-02
9 22 -3.652470e-02
33 40 -3.667618e-02
21 67 -3.668701e-02
9 35 -3.669237e-02
55 66 -3.672175e-02
35 68 -3.681681e-02
2 68 -3.705898e-02
31 38 -3.711520e-02
10 56 -3.722309e-02
4 40 -3.731430e-02
42 69 -3.746997e-02
21 27 -3.753442e-02
47 65 -3.754573e-02
35 45 -3.767655e-02
48 58 -3.830974e-02
2 34 -3.854014e-02
8 47 -3.856998e-02
19 32 -3.862787e-02
44 58 -3.865724e-02
35 49 -3.872078e-02
10 69 -3.879761e-02
34 68 -3.903339e-02
44 54 -3.910169e-02
9 48 -3.910804e-02
4 65 -3.913971e-02
8 28 -3.925609e-02
4 31 -3.932783e-02
6 12 -3.937694e-02
12 63 -3.940101e-02
19 56 -3.940706e-02
9 29 -3.944448e-02
21 47 -3.958395e-02
22 56 -3.961356e-02
14 43 -3.962228e-02
20 36 -3.974296e-02
6 29 -3.997781e-02
3 39 -4.008707e-02
26 37 -4.046621e-02
35 69 -4.054966e-02
6 45 -4.079962e-02
54 65 -4.085877e-02
32 67 -4.087406e-02
56 63 -4.094083e-02
12 35 -4.099460e-02
27 71 -4.100042e-02
31 69 -4.105181e-02
27 44 -4.123760e-02
25 48 -4.135084e-02
45 62 -4.157403e-02
19 65 -4.189216e-02
56 70 -4.223090e-02
15 43 -4.227238e-02
24 38 -4.233285e-02
44 68 -4.254264e-02
8 23 -4.257048e-02
4 68 -4.294632e-02
20 66 -4.307621e-02
29 44 -4.314283e-02
8 55 -4.317998e-02
5 66 -4.322887e-02
19 61 -4.329399e-02
62 70 -4.345846e-02
8 19 -4.346984e-02
8 39 -4.349930e-02
1 68 -4.355448e-02
39 69 -4.371627e-02
34 60 -4.379471e-02
10 30 -4.383810e-02
1 38 -4.386451e-02
38 58 -4.402636e-02
46 71 -4.415266e-02
11 43 -4.429522e-02
39 56 -4.440576e-02
20 48 -4.442257e-02
4 21 -4.448453e-02
12 62 -4.459631e-02
4 49 -4.461639e-02
37 51 -4.470031e-02
58 68 -4.485558e-02
17 45 -4.495550e-02
34 44 -4.513088e-02
12 39 -4.516818e-02
4 13 -4.527175e-02
22 30 -4.548895e-02
3 29 -4.558819e-02
19 38 -4.559336e-02
19 68 -4.561439e-02
17 65 -4.573738e-02
49 59 -4.582822e-02
3 70 -4.585159e-02
17 40 -4.588384e-02
30 48 -4.605358e-02
42 54 -4.607011e-02
6 37 -4.617139e-02
27 49 -4.645650e-02
27 63 -4.653880e-02
38 43 -4.653908e-02
31 59 -4.664700e-02
17 67 -4.665873e-02
29 50 -4.687508e-02
20 53 -4.692158e-02
27 70 -4.692274e-02
13 45 -4.704979e-02
49 56 -4.706855e-02
20 37 -4.709221e-02
7 52 -4.747764e-02
49 58 -4.759743e-02
34 54 -4.764222e-02
26 69 -4.785258e-02
1 56 -4.806143e-02
4 48 -4.854452e-02
7 71 -4.858085e-02
3 19 -4.858603e-02
23 41 -4.862307e-02
9 64 -4.875485e-02
24 66 -4.882962e-02
31 43 -4.883410e-02
49 55 -4.899421e-02
4 53 -4.925178e-02
31 66 -4.948902e-02
55 68 -4.966848e-02
3 8 -4.977844e-02
42 55 -4.979829e-02
17 37 -4.990409e-02
19 58 -4.994956e-02
22 36 -5.031204e-02
46 59 -5.039978e-02
27 43 -5.041392e-02
5 64 -5.056752e-02
20 51 -5.090931e-02
25 49 -5.111755e-02
34 43 -5.117535e-02
10 34 -5.117859e-02
31 65 -5.119303e-02
28 58 -5.140631e-02
40 62 -5.141350e-02
9 40 -5.149641e-02
59 71 -5.151283e-02
5 56 -5.161673e-02
14 70 -5.162189e-02
6 58 -5.177529e-02
15 70 -5.189450e-02
11 70 -5.190913e-02
40 47 -5.216342e-02
26 63 -5.219128e-02
21 71 -5.225238e-02
10 68 -5.225378e-02
28 51 -5.245395e-02
51 71 -5.279657e-02
29 67 -5.312825e-02
10 66 -5.342546e-02
25 33 -5.369560e-02
16 53 -5.380071e-02
26 61 -5.393727e-02
33 56 -5.423076e-02
7 69 -5.433188e-02
20 58 -5.433850e-02
45 56 -5.454500e-02
12 24 -5.477899e-02
18 53 -5.480396e-02
17 56 -5.481680e-02
14 71 -5.506751e-02
15 71 -5.522718e-02
11 71 -5.539191e-02
4 38 -5.557267e-02
2 35 -5.561314e-02
18 48 -5.587901e-02
38 53 -5.595492e-02
5 48 -5.601497e-02
30 44 -5.606891e-02
59 70 -5.607409e-02
18 54 -5.618799e-02
21 65 -5.629092e-02
17 36 -5.649525e-02
35 53 -5.665881e-02
13 38 -5.669359e-02
5 65 -5.681341e-02
21 70 -5.684337e-02
1 25 -5.686126e-02
46 69 -5.690266e-02
17 38 -5.696364e-02
16 52 -5.721252e-02
34 49 -5.753698e-02
60 66 -5.755540e-02
27 55 -5.775431e-02
31 62 -5.786558e-02
25 35 -5.791422e-02
2 30 -5.793203e-02
47 68 -5.802568e-02
38 60 -5.808028e-02
51 69 -5.819904e-02
8 56 -5.827702e-02
1 63 -5.831641e-02
11 69 -5.843472e-02
4 32 -5.854146e-02
8 24 -5.863415e-02
18 38 -5.865096e-02
34 65 -5.866390e-02
24 51 -5.868667e-02
14 69 -5.874977e-02
37 49 -5.902838e-02
15 69 -5.907885e-02
9 68 -5.909755e-02
17 34 -5.932264e-02
56 66 -5.943798e-02
24 48 -5.963706e-02
17 27 -6.001952e-02
52 64 -6.002812e-02
12 26 -6.014683e-02
33 44 -6.015507e-02
12 47 -6.018392e-02
29 61 -6.040288e-02
16 39 -6.061703e-02
8 64 -6.063345e-02
60 67 -6.107021e-02
9 65 -6.138278e-02
32 56 -6.146151e-02
10 67 -6.154859e-02
26 53 -6.163504e-02
22 51 -6.181841e-02
9 24 -6.219713e-02
25 66 -6.233717e-02
42 68 -6.292301e-02
22 62 -6.299957e-02
27 68 -6.300231e-02
36 52 -6.309609e-02
12 28 -6.376936e-02
2 61 -6.417235e-02
12 42 -6.424350e-02
12 54 -6.437102e-02
21 30 -6.451563e-02
62 69 -6.465934e-02
13 28 -6.487872e-02
22 45 -6.491883e-02
27 61 -6.543617e-02
1 7 -6.543664e-02
16 71 -6.556447e-02
51 59 -6.561552e-02
43 50 -6.568455e-02
30 63 -6.580779e-02
25 63 -6.591749e-02
27 51 -6.595720e-02
4 23 -6.618418e-02
20 67 -6.649270e-02
32 43 -6.652607e-02
6 30 -6.658391e-02
1 31 -6.662341e-02
18 25 -6.662604e-02
2 36 -6.682748e-02
46 70 -6.684907e-02
20 31 -6.690373e-02
40 68 -6.711233e-02
23 64 -6.715826e-02
18 35 -6.728725e-02
19 24 -6.738697e-02
21 69 -6.742639e-02
28 63 -6.773209e-02
29 54 -6.785332e-02
27 69 -6.797327e-02
2 22 -6.798170e-02
1 19 -6.803858e-02
17 26 -6.818485e-02
7 17 -6.833754e-02
36 62 -6.835674e-02
48 55 -6.839898e-02
1 32 -6.850473e-02
40 63 -6.865829e-02
62 68 -6.875774e-02
55 61 -6.891338e-02
36 51 -6.909960e-02
1 61 -6.920325e-02
1 11 -6.924887e-02
23 59 -6.973517e-02
10 35 -6.979355e-02
26 45 -6.985200e-02
17 41 -7.004615e-02
20 32 -7.006595e-02
39 46 -7.009856e-02
30 41 -7.024080e-02
53 66 -7.046724e-02
10 44 -7.052415e-02
12 64 -7.055119e-02
20 42 -7.068997e-02
23 45 -7.086806e-02
33 65 -7.101783e-02
8 18 -7.102019e-02
1 15 -7.105467e-02
1 14 -7.112229e-02
11 29 -7.112508e-02
13 47 -7.122694e-02
19 53 -7.139706e-02
51 70 -7.143945e-02
40 66 -7.153691e-02
23 40 -7.173370e-02
20 41 -7.198416e-02
34 53 -7.199160e-02
2 26 -7.202924e-02
21 64 -7.219750e-02
63 70 -7.229215e-02
17 42 -7.231905e-02
47 56 -7.249955e-02
15 29 -7.280750e-02
18 68 -7.284470e-02
7 22 -7.297796e-02
33 48 -7.300542e-02
14 29 -7.301186e-02
39 53 -7.324767e-02
9 62 -7.330114e-02
5 27 -7.331751e-02
21 52 -7.389029e-02
20 60 -7.417595e-02
37 68 -7.422626e-02
1 50 -7.425509e-02
4 22 -7.433282e-02
13 33 -7.437210e-02
30 42 -7.485238e-02
41 54 -7.488507e-02
3 49 -7.492775e-02
17 55 -7.510762e-02
21 54 -7.516368e-02
23 38 -7.533248e-02
47 60 -7.559959e-02
28 45 -7.569466e-02
37 52 -7.575272e-02
5 24 -7.582580e-02
17 59 -7.582586e-02
52 63 -7.620259e-02
50 64 -7.625361e-02
9 51 -7.627143e-02
29 59 -7.636864e-02
32 52 -7.653775e-02
29 60 -7.674723e-02
1 66 -7.686575e-02
2 25 -7.688254e-02
13 61 -7.692710e-02
7 47 -7.740299e-02
8 27 -7.740875e-02
6 50 -7.753917e-02
12 22 -7.765388e-02
5 50 -7.774058e-02
21 41 -7.785837e-02
31 64 -7.798520e-02
20 59 -7.801418e-02
27 45 -7.811638e-02
17 62 -7.813881e-02
10 27 -7.823862e-02
3 17 -7.852241e-02
35 43 -7.860844e-02
40 52 -7.863127e-02
25 55 -7.881474e-02
35 62 -7.889058e-02
18 33 -7.902205e-02
1 42 -7.908476e-02
36 53 -7.909000e-02
36 50 -7.917277e-02
18 42 -7.922693e-02
47 58 -7.931109e-02
15 31 -7.949509e-02
30 65 -7.981566e-02
13 42 -7.990356e-02
30 59 -8.009626e-02
16 48 -8.026121e-02
4 52 -8.029827e-02
28 46 -8.035151e-02
30 40 -8.056537e-02
46 68 -8.094137e-02
44 59 -8.107792e-02
37 53 -8.111253e-02
18 28 -8.118788e-02
9 27 -8.126521e-02
1 47 -8.134121e-02
52 62 -8.144053e-02
6 67 -8.149447e-02
13 19 -8.152424e-02
26 52 -8.159650e-02
60 69 -8.164861e-02
28 53 -8.175258e-02
1 26 -8.180895e-02
7 70 -8.181284e-02
35 41 -8.208226e-02
10 62 -8.214677e-02
36 48 -8.228171e-02
19 35 -8.235843e-02
36 67 -8.257037e-02
10 31 -8.277447e-02
42 51 -8.301223e-02
4 39 -8.303097e-02
1 48 -8.311366e-02
13 62 -8.316434e-02
31 52 -8.333562e-02
53 61 -8.334578e-02
46 63 -8.345601e-02
46 65 -8.348744e-02
33 49 -8.361833e-02
50 68 -8.389957e-02
48 62 -8.406342e-02
20 55 -8.420845e-02
39 49 -8.421326e-02
32 40 -8.431608e-02
21 29 -8.435820e-02
13 21 -8.447956e-02
28 56 -8.453633e-02
22 54 -8.459345e-02
51 65 -8.484199e-02
16 70 -8.489426e-02
32 45 -8.491490e-02
53 59 -8.494996e-02
26 68 -8.501155e-02
4 18 -8.513363e-02
6 49 -8.548067e-02
48 64 -8.561814e-02
3 68 -8.588123e-02
2 51 -8.594756e-02
37 67 -8.636917e-02
30 61 -8.646329e-02
35 55 -8.648463e-02
38 63 -8.658531e-02
54 64 -8.715464e-02
1 24 -8.715616e-02
11 31 -8.739447e-02
4 10 -8.768600e-02
19 47 -8.815258e-02
12 27 -8.828481e-02
20 52 -8.876438e-02
63 71 -8.881566e-02
30 46 -8.884167e-02
23 56 -8.926891e-02
6 52 -8.931480e-02
7 36 -8.934118e-02
6 53 -8.946425e-02
14 31 -9.004093e-02
51 56 -9.040814e-02
36 56 -9.043925e-02
3 59 -9.067556e-02
27 60 -9.069885e-02
6 48 -9.080797e-02
18 37 -9.090437e-02
34 56 -9.133577e-02
33 43 -9.141608e-02
40 67 -9.147014e-02
1 51 -9.191940e-02
27 65 -9.220989e-02
2 44 -9.268174e-02
33 61 -9.282228e-02
20 65 -9.283013e-02
34 45 -9.316593e-02
12 38 -9.322484e-02
48 60 -9.324611e-02
58 64 -9.330275e-02
19 40 -9.333223e-02
18 51 -9.344868e-02
18 63 -9.352425e-02
7 65 -9.354829e-02
33 63 -9.362913e-02
13 34 -9.382375e-02
40 48 -9.388050e-02
22 31 -9.388557e-02
29 63 -9.393036e-02
18 55 -9.418260e-02
42 63 -9.419166e-02
45 64 -9.424112e-02
16 69 -9.442666e-02
5 31 -9.464030e-02
4 35 -9.465003e-02
5 67 -9.532751e-02
36 55 -9.553994e-02
10 18 -9.554564e-02
9 42 -9.565505e-02
29 51 -9.566077e-02
12 53 -9.569009e-02
1 44 -9.579120e-02
29 64 -9.580678e-02
7 45 -9.607105e-02
30 62 -9.607724e-02
4 19 -9.617355e-02
39 59 -9.627446e-02
12 50 -9.634402e-02
30 64 -9.641730e-02
46 61 -9.652648e-02
25 65 -9.654844e-02
60 70 -9.655647e-02
15 37 -9.672815e-02
33 64 -9.685183e-02
27 56 -9.697331e-02
5 44 -9.712214e-02
2 19 -9.724369e-02
10 39 -9.735330e-02
13 66 -9.748793e-02
12 36 -9.752622e-02
8 21 -9.763664e-02
1 54 -9.767794e-02
30 43 -9.783560e-02
42 60 -9.810364e-02
16 63 -9.814442e-02
8 14 -9.840389e-02
49 65 -9.858915e-02
42 64 -9.879446e-02
20 38 -9.882365e-02
19 45 -9.885974e-02
41 55 -9.898278e-02
34 40 -9.920574e-02
55 65 -9.921934e-02
2 48 -9.935650e-02
25 45 -9.955733e-02
7 53 -9.961894e-02
10 22 -1.001068e-01
1 28 -1.001454e-01
20 34 -1.002482e-01
66 71 -1.008298e-01
14 37 -1.008896e-01
12 32 -1.009888e-01
9 28 -1.012157e-01
3 60 -1.013280e-01
5 26 -1.014775e-01
40 49 -1.016408e-01
16 37 -1.016581e-01
21 38 -1.020341e-01
37 55 -1.021373e-01
5 35 -1.023532e-01
8 40 -1.024407e-01
4 50 -1.025256e-01
2 38 -1.025635e-01
18 56 -1.027096e-01
47 54 -1.028308e-01
25 42 -1.028719e-01
3 35 -1.031549e-01
58 63 -1.032470e-01
7 34 -1.035116e-01
7 59 -1.035252e-01
8 15 -1.036765e-01
46 67 -1.037858e-01
64 69 -1.038360e-01
31 61 -1.040641e-01
35 61 -1.043638e-01
4 45 -1.044193e-01
19 41 -1.045119e-01
21 66 -1.045975e-01
34 48 -1.047581e-01
3 20 -1.047731e-01
16 54 -1.048151e-01
42 58 -1.049509e-01
3 48 -1.050740e-01
20 56 -1.050765e-01
62 71 -1.050939e-01
53 65 -1.052524e-01
13 32 -1.052647e-01
2 28 -1.056433e-01
19 31 -1.059372e-01
17 66 -1.060097e-01
17 44 -1.060976e-01
7 23 -1.063546e-01
37 62 -1.063777e-01
6 18 -1.065682e-01
19 55 -1.066836e-01
29 43 -1.067033e-01
1 21 -1.067261e-01
50 60 -1.067754e-01
24 56 -1.074120e-01
14 64 -1.074768e-01
10 45 -1.074921e-01
24 55 -1.080888e-01
7 48 -1.084090e-01
2 63 -1.084670e-01
31 58 -1.084839e-01
37 46 -1.088168e-01
11 64 -1.088193e-01
5 42 -1.090092e-01
25 56 -1.090451e-01
3 46 -1.090533e-01
48 67 -1.093221e-01
27 52 -1.094801e-01
4 44 -1.096566e-01
8 42 -1.098091e-01
27 41 -1.098216e-01
4 36 -1.099813e-01
2 47 -1.101043e-01
56 62 -1.101112e-01
18 58 -1.101754e-01
35 66 -1.102690e-01
18 61 -1.103256e-01
59 65 -1.107557e-01
15 64 -1.109101e-01
5 19 -1.112024e-01
8 32 -1.114572e-01
8 67 -1.115457e-01
11 37 -1.115749e-01
31 45 -1.116230e-01
20 44 -1.117025e-01
8 38 -1.117918e-01
35 51 -1.119312e-01
22 37 -1.122644e-01
1 27 -1.126617e-01
18 32 -1.127365e-01
27 48 -1.128159e-01
7 31 -1.130583e-01
32 55 -1.132187e-01
24 52 -1.134841e-01
7 30 -1.136466e-01
20 64 -1.136742e-01
18 52 -1.137035e-01
30 50 -1.140433e-01
60 71 -1.143192e-01
23 54 -1.144886e-01
18 31 -1.147036e-01
12 44 -1.147445e-01
20 50 -1.149301e-01
6 20 -1.150971e-01
49 62 -1.151414e-01
24 42 -1.151578e-01
5 63 -1.152139e-01
12 46 -1.153025e-01
22 55 -1.154512e-01
12 40 -1.157410e-01
44 63 -1.158801e-01
5 32 -1.162008e-01
43 56 -1.165069e-01
8 63 -1.169224e-01
19 37 -1.171395e-01
23 39 -1.174629e-01
22 66 -1.175352e-01
9 19 -1.175711e-01
5 54 -1.177204e-01
26 38 -1.181793e-01
26 54 -1.183285e-01
30 51 -1.190973e-01
17 39 -1.194243e-01
6 40 -1.194640e-01
3 43 -1.194887e-01
2 18 -1.195675e-01
26 46 -1.196507e-01
22 42 -1.196666e-01
31 56 -1.198023e-01
9 63 -1.199478e-01
39 58 -1.201355e-01
30 54 -1.201814e-01
6 23 -1.202684e-01
18 46 -1.203908e-01
14 26 -1.208109e-01
3 21 -1.208341e-01
42 66 -1.208891e-01
26 65 -1.215031e-01
26 50 -1.215898e-01
25 62 -1.217050e-01
2 20 -1.217298e-01
24 44 -1.217447e-01
23 67 -1.219616e-01
28 67 -1.222319e-01
5 28 -1.229291e-01
32 54 -1.231187e-01
43 66 -1.232346e-01
28 60 -1.233810e-01
48 56 -1.235879e-01
36 63 -1.236919e-01
15 62 -1.238322e-01
15 26 -1.242541e-01
49 66 -1.242713e-01
47 64 -1.248168e-01
5 61 -1.251291e-01
17 50 -1.252477e-01
23 60 -1.257224e-01
17 43 -1.258467e-01
41 64 -1.258691e-01
40 51 -1.266554e-01
45 67 -1.266774e-01
20 40 -1.268074e-01
23 43 -1.269220e-01
61 70 -1.271188e-01
34 58 -1.272366e-01
37 64 -1.274510e-01
19 59 -1.277860e-01
38 66 -1.282400e-01
3 40 -1.282637e-01
11 30 -1.285859e-01
28 61 -1.286914e-01
27 38 -1.287999e-01
25 39 -1.293355e-01
23 51 -1.293729e-01
36 68 -1.295068e-01
47 55 -1.297218e-01
4 25 -1.301357e-01
9 34 -1.302797e-01
14 60 -1.305483e-01
4 60 -1.305849e-01
15 30 -1.310199e-01
14 30 -1.310702e-01
11 26 -1.313687e-01
15 60 -1.314667e-01
19 54 -1.314830e-01
30 60 -1.316324e-01
21 55 -1.316430e-01
42 56 -1.316854e-01
16 55 -1.317226e-01
39 65 -1.317559e-01
52 61 -1.323006e-01
8 44 -1.323290e-01
45 59 -1.323392e-01
28 52 -1.326317e-01
16 58 -1.332073e-01
61 66 -1.338948e-01
19 46 -1.340340e-01
1 43 -1.340490e-01
45 66 -1.340566e-01
5 37 -1.340966e-01
19 36 -1.342398e-01
15 48 -1.347444e-01
13 63 -1.347700e-01
7 62 -1.349143e-01
61 69 -1.352647e-01
35 64 -1.353394e-01
32 63 -1.354024e-01
38 54 -1.355451e-01
9 50 -1.357053e-01
6 66 -1.360311e-01
3 9 -1.361054e-01
16 68 -1.363651e-01
14 62 -1.364902e-01
11 60 -1.366718e-01
8 50 -1.371805e-01
18 59 -1.374485e-01
48 59 -1.377861e-01
11 62 -1.378968e-01
64 70 -1.379781e-01
28 37 -1.380140e-01
14 48 -1.380192e-01
36 66 -1.381431e-01
2 49 -1.391065e-01
22 43 -1.396536e-01
31 37 -1.399320e-01
31 46 -1.399755e-01
6 61 -1.402747e-01
2 16 -1.403975e-01
4 34 -1.404102e-01
32 41 -1.404542e-01
10 28 -1.407001e-01
3 18 -1.410265e-01
13 36 -1.411365e-01
3 52 -1.411670e-01
10 25 -1.412467e-01
37 66 -1.413646e-01
16 66 -1.414756e-01
3 38 -1.416163e-01
10 26 -1.416497e-01
25 53 -1.418922e-01
11 17 -1.419561e-01
22 64 -1.419676e-01
59 64 -1.419880e-01
11 48 -1.422607e-01
46 54 -1.422806e-01
38 51 -1.422995e-01
25 52 -1.423422e-01
5 40 -1.427852e-01
34 66 -1.431192e-01
37 63 -1.431889e-01
9 44 -1.432361e-01
8 59 -1.432675e-01
6 44 -1.432855e-01
39 60 -1.433200e-01
22 39 -1.433474e-01
21 36 -1.434253e-01
4 59 -1.436499e-01
51 58 -1.440592e-01
25 58 -1.441769e-01
12 34 -1.444388e-01
8 34 -1.448108e-01
5 11 -1.449025e-01
35 60 -1.449101e-01
36 59 -1.450162e-01
4 61 -1.450518e-01
61 71 -1.453609e-01
7 44 -1.454175e-01
27 64 -1.456340e-01
5 25 -1.456369e-01
21 33 -1.458991e-01
16 33 -1.459394e-01
16 31 -1.463146e-01
18 67 -1.465426e-01
21 58 -1.465697e-01
1 39 -1.466844e-01
6 27 -1.467059e-01
23 66 -1.467063e-01
16 25 -1.467834e-01
5 14 -1.468239e-01
39 66 -1.470698e-01
27 58 -1.471164e-01
8 51 -1.471687e-01
19 44 -1.472122e-01
13 50 -1.476293e-01
2 54 -1.476748e-01
21 42 -1.477852e-01
12 31 -1.479892e-01
24 64 -1.485021e-01
31 51 -1.485901e-01
34 50 -1.488028e-01
35 40 -1.490500e-01
8 25 -1.494086e-01
14 35 -1.495607e-01
50 65 -1.498293e-01
42 62 -1.503047e-01
25 60 -1.505051e-01
27 46 -1.506693e-01
18 45 -1.509912e-01
38 64 -1.510118e-01
31 40 -1.510258e-01
23 44 -1.510340e-01
35 59 -1.512602e-01
15 35 -1.514453e-01
16 62 -1.518367e-01
16 60 -1.519494e-01
21 34 -1.525752e-01
48 61 -1.528594e-01
21 35 -1.533465e-01
5 15 -1.534100e-01
24 60 -1.535521e-01
12 61 -1.536224e-01
41 66 -1.536670e-01
64 71 -1.536775e-01
6 35 -1.538023e-01
28 41 -1.538859e-01
2 27 -1.542989e-01
65 71 -1.545740e-01
24 62 -1.547202e-01
11 35 -1.549833e-01
58 67 -1.550195e-01
7 18 -1.551271e-01
41 59 -1.555060e-01
5 21 -1.556254e-01
34 41 -1.558900e-01
24 39 -1.563992e-01
47 59 -1.573741e-01
1 60 -1.575175e-01
6 42 -1.577240e-01
19 62 -1.578204e-01
1 64 -1.579213e-01
24 63 -1.587625e-01
9 15 -1.587739e-01
9 14 -1.589269e-01
34 55 -1.590007e-01
46 58 -1.591112e-01
35 54 -1.592838e-01
25 37 -1.594692e-01
7 33 -1.596317e-01
20 43 -1.601789e-01
20 61 -1.603156e-01
9 16 -1.606166e-01
18 40 -1.607706e-01
10 40 -1.607833e-01
60 68 -1.608092e-01
28 42 -1.608771e-01
25 40 -1.608844e-01
22 46 -1.610162e-01
49 61 -1.611661e-01
32 58 -1.613067e-01
6 28 -1.614289e-01
7 25 -1.615574e-01
6 25 -1.615623e-01
26 41 -1.616496e-01
28 65 -1.620046e-01
20 54 -1.620284e-01
26 55 -1.622120e-01
22 60 -1.622648e-01
44 49 -1.624850e-01
7 64 -1.626620e-01
20 63 -1.626950e-01
4 51 -1.627957e-01
51 62 -1.629542e-01
3 58 -1.631218e-01
34 46 -1.635503e-01
22 34 -1.636217e-01
35 63 -1.637520e-01
25 59 -1.640407e-01
20 46 -1.643397e-01
46 56 -1.643666e-01
15 36 -1.649292e-01
4 64 -1.650803e-01
12 43 -1.655540e-01
35 44 -1.657035e-01
12 60 -1.658617e-01
27 36 -1.659842e-01
42 61 -1.661559e-01
5 60 -1.663073e-01
23 63 -1.663560e-01
14 36 -1.663691e-01
18 39 -1.664598e-01
33 60 -1.666046e-01
7 40 -1.671036e-01
46 66 -1.682057e-01
25 41 -1.682105e-01
25 43 -1.686104e-01
4 16 -1.686571e-01
1 46 -1.686641e-01
2 11 -1.690631e-01
8 43 -1.692255e-01
55 67 -1.692519e-01
9 26 -1.692924e-01
26 56 -1.693703e-01
2 15 -1.694184e-01
4 42 -1.694450e-01
19 25 -1.695674e-01
3 10 -1.697327e-01
25 44 -1.700961e-01
61 68 -1.702527e-01
65 70 -1.703477e-01
27 37 -1.704853e-01
45 50 -1.704973e-01
16 36 -1.710070e-01
17 46 -1.711370e-01
2 14 -1.712701e-01
10 42 -1.717617e-01
27 53 -1.725816e-01
21 60 -1.726449e-01
27 62 -1.726657e-01
41 67 -1.732276e-01
2 31 -1.735082e-01
3 53 -1.735709e-01
33 54 -1.735766e-01
3 13 -1.736636e-01
9 32 -1.738677e-01
16 51 -1.742147e-01
2 39 -1.743903e-01
5 51 -1.746243e-01
32 53 -1.746604e-01
32 62 -1.753365e-01
11 36 -1.756884e-01
41 63 -1.760858e-01
3 61 -1.764189e-01
49 67 -1.767994e-01
3 33 -1.778529e-01
3 24 -1.782829e-01
21 40 -1.783406e-01
36 54 -1.786455e-01
22 67 -1.786661e-01
37 59 -1.788117e-01
46 55 -1.790338e-01
34 62 -1.795503e-01
24 59 -1.801114e-01
26 58 -1.802792e-01
2 7 -1.802809e-01
10 32 -1.805455e-01
2 42 -1.807777e-01
24 54 -1.814106e-01
33 59 -1.816634e-01
4 46 -1.818729e-01
14 65 -1.820979e-01
5 46 -1.829741e-01
33 50 -1.830150e-01
2 21 -1.836856e-01
40 54 -1.837480e-01
6 64 -1.839719e-01
15 65 -1.853361e-01
62 67 -1.853551e-01
11 65 -1.855333e-01
2 50 -1.857547e-01
22 50 -1.858803e-01
43 61 -1.859062e-01
27 40 -1.860434e-01
2 43 -1.861445e-01
55 64 -1.862563e-01
3 55 -1.862726e-01
38 59 -1.865044e-01
47 62 -1.867549e-01
6 39 -1.869772e-01
8 26 -1.873582e-01
43 55 -1.875255e-01
15 34 -1.877769e-01
31 63 -1.878260e-01
28 40 -1.878310e-01
38 62 -1.878606e-01
34 59 -1.881165e-01
13 43 -1.881300e-01
28 54 -1.881310e-01
12 67 -1.883673e-01
20 39 -1.884613e-01
7 55 -1.894293e-01
23 50 -1.894605e-01
28 62 -1.895569e-01
40 55 -1.897483e-01
26 59 -1.897890e-01
37 50 -1.901680e-01
18 36 -1.901988e-01
4 67 -1.905807e-01
11 34 -1.908548e-01
16 43 -1.910264e-01
44 66 -1.910689e-01
17 60 -1.913480e-01
40 59 -1.915292e-01
2 64 -1.917732e-01
14 34 -1.928225e-01
4 26 -1.930579e-01
22 63 -1.932715e-01
24 67 -1.933859e-01
2 32 -1.934986e-01
9 21 -1.935491e-01
24 50 -1.941144e-01
56 67 -1.942045e-01
21 62 -1.947072e-01
38 55 -1.950582e-01
3 32 -1.959376e-01
35 50 -1.960146e-01
18 62 -1.963612e-01
31 44 -1.964604e-01
16 45 -1.966632e-01
44 62 -1.969096e-01
18 60 -1.971639e-01
42 50 -1.979171e-01
21 59 -1.979261e-01
24 58 -1.985938e-01
32 60 -1.992029e-01
6 32 -1.994609e-01
47 63 -1.998086e-01
6 38 -2.003448e-01
16 59 -2.008379e-01
17 61 -2.010548e-01
21 61 -2.016518e-01
21 45 -2.017786e-01
3 26 -2.020518e-01
13 67 -2.024155e-01
4 43 -2.026735e-01
45 63 -2.026891e-01
19 43 -2.029813e-01
9 67 -2.030785e-01
8 61 -2.030865e-01
6 47 -2.033655e-01
18 44 -2.036228e-01
16 64 -2.041237e-01
52 66 -2.046579e-01
7 41 -2.047456e-01
39 55 -2.048605e-01
6 24 -2.051558e-01
10 43 -2.058559e-01
6 33 -2.074612e-01
34 61 -2.076015e-01
17 63 -2.078471e-01
26 66 -2.081049e-01
3 36 -2.084884e-01
7 58 -2.087226e-01
41 50 -2.087738e-01
51 63 -2.088672e-01
12 21 -2.090026e-01
35 46 -2.099645e-01
2 60 -2.102385e-01
27 59 -2.103988e-01
28 59 -2.114121e-01
4 24 -2.114970e-01
3 42 -2.118143e-01
3 37 -2.118398e-01
4 27 -2.130756e-01
14 45 -2.145513e-01
3 31 -2.153757e-01
61 67 -2.154186e-01
26 40 -2.160558e-01
14 28 -2.161804e-01
6 19 -2.175698e-01
40 50 -2.177598e-01
15 45 -2.180548e-01
15 28 -2.181059e-01
28 55 -2.183478e-01
32 46 -2.186720e-01
6 36 -2.187958e-01
43 58 -2.193538e-01
10 36 -2.198234e-01
3 23 -2.203086e-01
3 28 -2.204085e-01
11 45 -2.205586e-01
26 62 -2.206836e-01
31 60 -2.210539e-01
32 66 -2.224579e-01
3 16 -2.225584e-01
39 62 -2.230379e-01
11 28 -2.234336e-01
41 60 -2.236809e-01
24 45 -2.245067e-01
10 61 -2.245833e-01
43 65 -2.259677e-01
25 61 -2.262798e-01
9 39 -2.263455e-01
6 31 -2.271857e-01
6 26 -2.272492e-01
32 50 -2.286308e-01
9 43 -2.297843e-01
42 59 -2.300431e-01
24 46 -2.302121e-01
7 61 -2.312849e-01
46 62 -2.316433e-01
8 60 -2.322661e-01
15 32 -2.325518e-01
5 43 -2.328971e-01
11 52 -2.340085e-01
21 56 -2.346414e-01
14 32 -2.359637e-01
6 34 -2.360066e-01
15 22 -2.361018e-01
14 24 -2.364949e-01
15 24 -2.366528e-01
51 61 -2.369141e-01
14 52 -2.393194e-01
14 22 -2.399467e-01
14 33 -2.416335e-01
11 22 -2.417828e-01
15 52 -2.421680e-01
11 33 -2.434477e-01
3 56 -2.435421e-01
8 46 -2.435892e-01
3 41 -2.436583e-01
28 50 -2.441210e-01
13 46 -2.444953e-01
11 24 -2.446186e-01
11 44 -2.468334e-01
3 34 -2.474808e-01
25 64 -2.477197e-01
11 32 -2.477928e-01
15 44 -2.482662e-01
50 61 -2.483025e-01
49 63 -2.484717e-01
9 46 -2.492738e-01
15 33 -2.501406e-01
14 44 -2.502610e-01
26 60 -2.511944e-01
28 44 -2.518145e-01
19 51 -2.520861e-01
44 51 -2.520936e-01
3 47 -2.525550e-01
43 62 -2.542988e-01
10 50 -2.551081e-01
3 45 -2.553870e-01
21 44 -2.555098e-01
38 50 -2.572626e-01
26 44 -2.581322e-01
31 54 -2.596176e-01
17 64 -2.598464e-01
15 20 -2.609147e-01
11 20 -2.622121e-01
23 46 -2.624002e-01
6 16 -2.624601e-01
18 43 -2.637238e-01
3 22 -2.660155e-01
14 20 -2.682933e-01
7 37 -2.689262e-01
11 41 -2.690228e-01
16 41 -2.690406e-01
24 43 -2.690677e-01
7 35 -2.695492e-01
7 60 -2.700855e-01
14 38 -2.711020e-01
44 50 -2.720995e-01
14 41 -2.725840e-01
15 41 -2.737479e-01
7 38 -2.750655e-01
15 38 -2.757567e-01
11 38 -2.805714e-01
10 15 -2.809520e-01
18 64 -2.822291e-01
14 40 -2.829508e-01
11 40 -2.833685e-01
43 59 -2.833784e-01
15 40 -2.834971e-01
54 61 -2.871533e-01
36 60 -2.879775e-01
7 56 -2.914637e-01
2 67 -2.953480e-01
48 63 -2.993487e-01
15 42 -2.994618e-01
14 23 -3.042958e-01
15 23 -3.042960e-01
11 23 -3.052223e-01
14 42 -3.078774e-01
3 44 -3.079446e-01
2 46 -3.116759e-01
6 46 -3.126846e-01
11 42 -3.149150e-01
11 53 -3.251449e-01
15 53 -3.258279e-01
14 53 -3.317157e-01
11 49 -3.373209e-01
39 61 -3.384925e-01
15 49 -3.393189e-01
14 49 -3.428200e-01
14 47 -3.471118e-01
11 47 -3.476977e-01
15 47 -3.495817e-01
11 61 -3.527562e-01
14 61 -3.531768e-01
15 61 -3.563885e-01
